Students 
689
838
376
29
486
536
168
773
1045
680
202
419
699
253
332
903
423
259
535
387
333
797
334
498
220
159
1041
248
520
264
18
690
927
91
181
352
791
97
728
27
24
1059
130
708
94
704
175
219
980
566
718
20
114
609
329
595
7
487
543
11
761
464
348
608
176
518
658
373
914
997
232
388
815
426
109
378
776
246
649
293
469
587
178
1049
526
366
905
884
173
99
808
883
252
970
1002
981
320
68
716
947
717
239
98
134
843
200
1027
880
900
816
612
673
4
429
392
31
241
822
990
224
76
67
503
551
591
1070
603
833
755
953
304
354
265
1029
869
450
574
519
104
1007
675
933
71
671
439
495
588
157
987
142
226
155
856
825
779
774
247
589
64
999
944
389
928
338
908
223
152
619
558
922
638
676
839
490
777
895
398
112
296
985
731
1004
1060
1023
972
722
284
221
902
781
421
906
577
852
754
758
568
449
322
433
206
477
242
599
1062
118
550
129
669
851
100
687
377
451
50
1000
359
753
34
911
401
964
437
715
420
218
345
414
23
466
313
400
465
1028
1021
89
607
634
292
592
273
542
185
189
270
912
1001
44
820
499
642
584
893
83
1034
576
681
287
640
10
610
484
53
960
659
36
494
945
337
800
479
1066
369
30
163
701
396
244
463
549
743
859
278
158
468
15
146
803
174
617
618
93
431
1056
26
857
298
598
103
1039
926
110
876
358
723
492
442
567
726
988
446
850
95
547
1016
688
164
528
961
532
504
262
909
303
935
234
792
385
231
633
54
643
368
343
22
563
740
813
721
993